[
'0'=>[
 'bets'=>[7500,25000,50000,100000,150000,500000,1500000,4500000,7500000,10000000],
],
'1'=>[
 'bets'=>[3750,7000,15000,30000,62500,150000,250000,750000,1250000,2500000,5000000,10000000],
],
'2'=>[
 'bets'=>[1250,2500,5000,10000,25000,30000,62500,100000,150000,600000,1500000,3000000,5000000],
],
'3'=>[
 'bets'=>[250,1000,2500,10000,25000,50000,125000,250000,750000,1250000,2500000,5000000],
],
'4'=>[
 'bets'=>[1,5,10,50,125,250,500,1250,2500,5000,10000,25000,30000,62500,100000,150000],
],
]