['reels'=>[
'I11'=>[
[7,9,2,2,1,7,9,7,8,9,9,7,7,8,9,7,8,7,9,7,7,8,9,2,7,9,8,9,1,7,1,8,5,9,7,9,8,1,9,7,9,8,9,9,1,7,3,8,7,11,10,8,9,15,8,9,1,7,4,6,8,9,1,7,8,7,7,8,1,9,7,1,8,9,7,8,7,8,1,9],
[6,6,11,8,8,9,3,1,5,5,5,10,3,7,3,11,6,8,2,8,5,5,10,10,6,5,8,6,5,10,1,6,5,5,10,6,6,5,10,6,5,10,5,10,1,6,10,10,12,6,10,10,6,15,10,10,6,10,5,10,12,6,5,11,5,6,10,6,3,2,6,10,6,10,5,6,10,6,10,4],
[9,10,4,9,11,9,11,1,10,9,15,10,11,11,10,10,2,11,11,3,2,11,9,9,4,11,11,4,10,11,9,10,10,5,11,10,11,5,10,9,10,9,12,10,8,5,10,5,10,6,6,8,10,15,4,10,1,9,11,4,10,6,6,11,10,11,10,4,11,12,10,4,8,8,9,11,7,4,11,12,3],
[1,1,10,7,10,7,8,10,10,10,15,7,10,8,1,1,10,8,10,11,7,11,2,11,11,10,11,11,8,10,1,11,5,4,3,11,3,11,1,11,3,3,11,11,10,10,11,12,10,10,11,3,6,15,11,11,6,9,12,11,6,6,10,11,6,12,10,6,6,10,6,11,6,6,6,10,2,7,3,8],
[1,1,1,5,3,1,1,1,3,6,15,1,5,1,1,5,6,1,1,3,1,1,3,5,6,3,4,5,6,4,6,5,4,4,6,1,6,4,5,4,3,4,5,4,3,4,3,3,3,5,4,3,3,15,5,4,3,1,1,5,10,4,3,5,5,4,3,5,4,3,5,5,4,9,5,11,4,3,5,4,3,5,6,4,5,5,2,5,3,8,1,7],
],
'P11'=>[
[7,9,2,2,215,6,9,7,8,9,2,7,7,8,3,7,3,3,9,7,7,2,2,2,7,5,8,9,115,7,6,8,5,9,7,10,8,1,9,3,4,5,9,2,1,7,3,8,7,11,215,8,9,11,8,9,4,7,4,6,8,9,2,7,8,3,3,4,4,9,7,115,8,9,7,8,7,8,215,9,8,2,2,9,5,5,7,8,215,9,8,5,8,9,7,9,8,2,1,6,9,7,8,9,2,7,7,8,9,7,8,3,9,7,7,8,9,2,7,9,8,9,115,7,6,8,5,9,7,10,8,215,9,7,10,8,9,1,2,5,9,7,10,8,1,9,7,10,8,9,1,9,9,7,8,9,1,7,7,8,1,7,8,3,9,7,7,2,7,9,8,9,115,7,6,8,5,1,9,7,9,1,2,5,9,7,9,3,7,7],
[6,6,11,215,2,9,4,4,5,5,3,10,3,7,215,11,11,8,215,8,5,5,10,115,6,5,8,6,5,1,415,6,10,5,5,6,2,5,10,6,5,10,5,10,115,6,10,10,5,6,10,10,6,5,10,10,6,10,5,10,415,6,5,11,5,6,10,6,3,2,6,10,6,415,5,6,4,9,11,5,6],
[9,10,4,9,11,2,215,7,10,9,11,3,11,11,115,10,4,11,11,3,1,11,9,215,4,11,11,4,10,11,415,10,10,4,11,10,4,4,10,9,10,9,115,10,8,4,10,4,10,4,4,8,10,10,4,10,415,9,11,4,10,4,4,11,10,11,10,4,11,115,10,4,8,8,9,11,4,7,11,415,3,11,4,2,5,4,11,6,3],
[4,10,215,7,10,7,8,11,215,1,10,7,10,8,215,2,11,8,10,215,7,11,11,115,11,10,11,11,415,8,10,11,5,4,2,11,3,11,115,11,3,3,11,11,10,10,11,415,10,10,11,3,6,10,11,11,6,9,415,11,6,6,10,11,6,415,10,6,6,10,6,3,6,6,6,10,2,9],
[1,1,2,5,3,2,2,2,3,1,1,1,5,2,2,5,6,2,2,3,1,1,3,5,6,3,4,5,6,4,6,5,4,4,6,115,6,4,5,4,3,4,5,4,3,4,3,3,3,5,4,3,3,5,5,4,3,2,2,5,10,4,3,5,5,4,3,5,4,3,5,5,4,9,5,11,4,3,5,2,4,3,5,6,4,5,5,2,5,3,8,7,1,1,1,5,3,1,1,3,3,1,3,1,5,3,3,5,6,1,1,3,1,215,3,5,6,3,4,5,6,4,6,5,4,4,6,115,6,4,5,4,3,4,5,4,3,4,3,3,3,5,4,3,3,5,5,4,3,1,1,5,10,4,3,5,5,4,3,5,4,3,5,5,4,9,5,11,4,3,5,4,3,5,6,4,5,5,2,5,3,8,7,5,4,4,6,115,6,4,5,4,3,4,5,4,3,6,4,3,3,3,5,4,3,3,5,5,4,3,1,1,5,10,4,3,5,5,4,3,5,4,3,5,5,4,9,5,11,4,3,5,4,3,5,6,4,5,5,2,5,3,8,115,7,5,4,4,6,6,4,5,4,3,4,5,4,3,6,4,3,3,3,5,4,3,3,5,5,4,3],
],
'W11'=>[
[7,9,2,1,8,6,9,7,8,9,2,7,1,1,9,7,8,3,1,4,4,8,9,7,7,4,4,9,4,5,3,4,5,9,7,10,8,11,9,7,115,8,9,8,8,7,3,8,3,4,5,8,9,11,8,9,8,7,4,6,8,9,2,7,8,7,4,4,2,9,7,8,8,9,7,8,7,8,9,9,8,2,2,9,7,8,7,8,1,9,8,5,8,1,7,9,8,8,6,6,9,7,8,9,2,7,7,8,9,7,8,3,9,7,7,8,9,2,7,9,8,9,115,7,6,8,5,9,7,10,8,1,9,7,10,8,9,1,2,5,9,7,10,8,1,9,7,10,8,9,1,9,9,7,8,9,1,7,7,8,1,7,8,3,9,7,7,2,7,9,8,9,115,7,6,8,5,1,9,7,9,1,2,5,9,7,9,3,7,7],
[6,6,11,2,2,9,4,2,5,5,3,10,3,7,7,1,11,8,1,8,5,5,10,10,6,5,8,6,5,10,115,6,10,5,5,6,2,5,10,6,5,10,5,10,115,6,10,4,5,6,10,10,6,5,11,10,6,11,5,10,415,6,5,11,5,6,10,6,3,2,6,10,6,415,5,6,4,9,11,5,6],
[9,10,4,9,11,1,1,7,10,9,11,1,11,5,10,3,4,11,5,6,4,11,9,1,4,11,10,4,415,11,7,8,10,4,11,10,4,4,10,9,10,9,115,10,8,4,10,3,10,4,4,8,10,415,4,10,10,9,11,4,10,4,4,11,10,11,10,4,11,115,10,4,8,8,9,11,4,7,8,415,10,11,4,2,5,4,11,6,3],
[4,10,1,7,10,7,8,11,1,1,10,7,10,8,1,415,11,8,10,1,7,11,11,9,8,10,11,11,8,8,10,11,5,4,2,11,3,11,115,11,3,3,11,11,10,10,4,11,5,415,11,3,6,10,11,11,6,115,2,11,6,1,10,11,6,415,10,11,6,10,11,3,6,6,5,10,2,9],
[1,1,2,5,3,2,2,2,3,7,7,115,5,2,2,5,6,2,6,6,7,7,3,5,6,3,4,5,6,4,6,8,9,10,11,7,6,4,5,4,3,4,5,115,6,8,9,10,11,11,11,3,3,5,5,4,3,2,2,5,10,4,3,5,5,4,3,5,4,3,5,5,4,9,5,11,4,3,5,2,4,3,5,6,4,5,5,2,5,3,8,7,1,1,1,5,3,1,1,3,3,1,3,1,5,3,3,5,6,1,1,3,1,1,3,5,6,3,4,5,6,4,6,5,4,4,6,115,6,4,5,4,3,4,5,4,3,4,3,3,3,5,4,3,3,5,5,4,3,1,1,5,10,4,3,5,5,4,3,5,4,3,5,5,4,9,5,11,4,3,5,4,3,5,6,4,5,5,2,5,3,8,7,5,4,4,6,4,6,4,5,4,3,4,5,4,3,6,4,3,3,3,5,4,3,3,5,5,4,3,1,1,5,10,4,3,5,5,4,3,5,4,3,5,5,4,9,5,11,4,3,5,4,3,5,6,4,5,5,2,5,3,8,115,7,5,4,4,6,6,4,5,4,3,4,5,4,3,6,4,3,3,3,5,4,3,3,5,5,4,3],
],
'AD11'=>[
[7,9,2,1,8,6,9,7,8,9,2,7,1,1,9,7,8,3,1,4,4,8,9,7,7,4,4,9,4,5,3,4,5,9,7,10,8,11,9,7,115,8,9,8,8,7,3,8,3,4,5,8,9,11,8,9,8,7,4,6,8,9,2,7,8,7,4,4,2,9,7,8,8,9,7,8,7,8,9,9,8,2,2,9,7,8,7,8,1,9,8,5,8,1,7,9,8,8,6,6,9,7,8,9,2,7,7,8,9,7,8,3,9,7,7,8,9,2,7,9,8,9,115,7,6,8,5,9,7,10,8,1,9,7,10,8,9,1,2,5,9,7,10,8,1,9,7,10,8,9,1,9,9,7,8,9,1,7,7,8,1,7,8,3,9,7,7,2,7,9,8,9,115,7,6,8,5,1,9,7,9,1,2,5,9,7,9,3,7,7],
[6,6,11,2,2,9,4,2,5,5,3,10,3,7,7,1,11,8,1,8,5,5,10,10,6,5,8,6,5,10,115,6,10,5,5,6,2,5,10,6,5,10,5,10,115,6,10,4,5,6,10,10,6,5,11,10,6,11,5,10,418,6,5,11,5,6,10,6,3,2,6,10,6,418,5,6,4,9,11,5,6],
[9,10,4,9,11,1,1,7,10,9,11,1,11,5,10,3,4,11,5,6,4,11,9,1,4,11,10,4,418,11,7,8,10,4,11,10,4,4,10,9,10,9,115,10,8,4,10,3,10,4,4,8,10,418,4,10,10,9,11,4,10,4,4,11,10,11,10,4,11,115,10,4,8,8,9,11,4,7,8,418,10,11,4,2,5,4,11,6,3],
[4,10,1,7,10,7,8,11,1,1,10,7,10,8,1,418,11,8,10,1,7,11,11,9,8,10,11,11,8,8,10,11,5,4,2,11,3,11,115,11,3,3,11,11,10,10,4,11,5,418,11,3,6,10,11,11,6,115,2,11,6,1,10,11,6,418,10,11,6,10,11,3,6,6,5,10,2,9],
[1,1,2,5,3,2,2,2,3,7,7,115,5,2,2,5,6,2,6,6,7,7,3,5,6,3,4,5,6,4,6,8,9,10,11,7,6,4,5,4,3,4,5,115,6,8,9,10,11,11,11,3,3,5,5,4,3,2,2,5,10,4,3,5,5,4,3,5,4,3,5,5,4,9,5,11,4,3,5,2,4,3,5,6,4,5,5,2,5,3,8,7,1,1,1,5,3,1,1,3,3,1,3,1,5,3,3,5,6,1,1,3,1,1,3,5,6,3,4,5,6,4,6,5,4,4,6,115,6,4,5,4,3,4,5,4,3,4,3,3,3,5,4,3,3,5,5,4,3,1,1,5,10,4,3,5,5,4,3,5,4,3,5,5,4,9,5,11,4,3,5,4,3,5,6,4,5,5,2,5,3,8,7,5,4,4,6,4,6,4,5,4,3,4,5,4,3,6,4,3,3,3,5,4,3,3,5,5,4,3,1,1,5,10,4,3,5,5,4,3,5,4,3,5,5,4,9,5,11,4,3,5,4,3,5,6,4,5,5,2,5,3,8,115,7,5,4,4,6,6,4,5,4,3,4,5,4,3,6,4,3,3,3,5,4,3,3,5,5,4,3],
],
'AK11'=>[
[7,9,2,2,1,6,9,7,8,9,2,7,7,8,9,7,8,3,3,9,8,8,9,2,7,9,8,9,115,7,6,8,5,9,7,10,3,4,9,7,10,8,9,2,1,7,3,8,7,11,1,8,315,11,8,9,4,7,4,6,3,3,2,7,8,7,7,8,2,9,7,115,8,9,7,315,7,8,1,9,8,2,2,9,7,8,7,8,9,9,8,5,8,9,4,4,4,8,9,6,9,7,8,9,2,7,7,8,5,5,8,3,9,7,7,8,9,2,7,9,8,9,115,7,6,8,5,9,7,10,8,1,9,7,10,8,9,1,2,5,9,7,10,8,1,9,7,10,8,9,1,9,9,3,4,5,1,7,7,8,1,7,8,3,9,7,7,2,7,9,8,9,115,7,6,8,5,1,9,7,9,1,2,5,9,5,4,3,7,7],
[6,6,11,1,2,9,4,1,5,5,3,3,3,7,1,11,11,8,1,8,5,5,10,115,6,5,8,6,5,10,415,6,10,5,5,6,2,5,10,6,5,10,5,10,115,6,10,10,5,6,10,10,315,5,10,10,6,10,5,10,415,6,5,11,5,6,10,6,3,2,6,10,6,10,5,315,4,9,11,5,6],
[9,10,4,9,11,2,1,7,10,9,11,11,10,11,115,10,4,11,11,3,4,11,9,1,4,11,11,4,10,11,10,10,10,4,11,10,4,4,10,9,10,9,115,10,8,4,10,4,10,4,4,8,315,10,4,10,415,9,11,4,10,4,4,11,10,11,10,4,11,115,10,4,8,8,9,315,4,7,11,415,3,11,4,2,5,4,11,6,3],
[4,10,1,7,10,7,8,11,1,1,10,10,10,8,415,2,11,8,10,1,7,11,11,115,11,10,11,11,10,8,10,11,5,4,2,11,3,11,115,11,3,3,11,11,10,10,11,415,10,10,11,3,315,10,11,11,6,9,10,11,6,6,10,11,6,415,10,6,6,10,6,3,6,6,6,315,2,9],
[1,1,2,5,3,2,2,2,3,1,1,5,5,2,2,5,6,2,2,3,1,1,3,5,6,3,4,5,6,4,6,5,4,4,6,115,6,4,5,4,3,4,5,4,3,4,3,3,3,5,4,3,315,5,5,4,3,2,2,5,10,4,3,5,5,4,3,5,4,3,5,5,4,9,5,315,4,3,5,2,4,3,5,6,4,5,5,2,5,3,8,7,1,1,1,5,3,1,1,3,3,1,3,1,5,3,3,5,6,1,1,3,1,1,3,5,6,3,4,5,6,4,6,5,4,4,6,115,6,4,5,4,3,4,5,4,3,4,3,3,3,5,4,3,3,5,5,4,3,1,1,5,10,4,3,5,5,4,3,5,4,3,5,5,4,9,5,11,4,3,5,4,3,5,6,4,5,5,2,5,3,8,7,5,4,4,6,115,6,4,5,4,3,4,5,4,3,6,4,3,3,3,5,4,3,3,5,5,4,3,1,1,5,10,4,3,5,5,4,3,5,4,3,5,5,4,9,5,11,4,3,5,4,3,5,6,4,5,5,2,5,3,8,115,7,5,4,4,6,6,4,5,4,3,4,5,4,3,6,4,3,3,3,5,4,3,3,5,5,4,3],
],
'AR11'=>[
[7,9,7,2,215,6,9,7,8,9,2,2,7,8,9,7,4,5,9,7,7,8,9,2,7,9,8,9,115,7,6,8,10,9,7,10,8,1,2,7,10,8,9,2,6,7,3,8,7,11,215,8,9,11,2,3,9,7,4,1,8,9,7,2,3,7,7,8,2,1,7,10,8,9,2,3,7,8,215,9,8,7,2,2,7,8,7,8,215,9,8,10,8,2,7,9,8,2,1,6,9,7,8,9,2,7,7,8,9,7,2,3,9,7,7,8,9,2,7,9,8,9,115,7,6,8,10,2,3,10,8,215,9,7,10,8,9,1,6,5,9,7,10,8,3,9,7,10,2,2,1,9,9,7,8,1,6,7,7,8,1,7,8,115,2,3,7,2,7,9,8,9,3,4,6,8,10,1,1,7,9,6,2,10,9,7,9,3,4,7,7,9,7,2,8,6,115,7,8,4,5,7,7,3,4,7,8,3,1,7,7,8,9,2,2,9,8,9,115,7,6,8,5,2,3,10,8,5,5,1,10,8,9,2,6,7,3,1,7,11,8,8,2,3,8,9,9,5,4,3,8,9,3,4,8,115,3,1,2,9,7,3,4,9,7,1,2,8,8,9,8,3,2,9,7,8,7,8,1,2,8,10,2,3,7,9,8,2,3,6,9,7,8,9,2,1,7,8,9,7,2,1,9,7,7,8,4,2,7,9,8,9,115,7,6,8,10,3,5,10,8,8,2,3,10,8,9,1,1,5,9,7,10,8,1,9,2,10,8,9,1,2,9,7,8,3,4,7,7,8,1,3,8,8,3,4,7,2,4,9,8,2,3,7,6,8,5,1,9,7,9,6,2,3,4,7,9,3,7,7],
[6,6,11,215,2,9,4,1,5,5,3,10,3,7,215,11,11,8,215,8,5,5,10,10,6,5,8,6,5,10,10,415,10,5,5,6,2,5,10,6,5,10,5,10,115,6,10,10,5,6,10,10,1,5,10,10,6,10,5,10,415,6,5,11,5,6,10,6,3,2,6,10,6,10,5,6,4,9,115,5,6,6,6,11,10,2,415,4,1,5,5,3,10,3,7,10,11,11,415,10,8,5,5,10,10,6,5,8,6,415,10,10,6,10,5,5,6,2,5,10,6,5,10,5,10,115,6,10,10,5,6,10,10,6,5,10,10,6,10,5,10,415,6,5,11,5,6,10,6,3,2,115,10,6,10,5,6,4,9,11,5,6],
[9,10,4,9,11,2,215,7,10,9,11,1,1,1,115,10,2,11,11,3,2,11,9,215,4,11,11,4,10,11,415,10,10,4,11,10,4,4,10,9,10,9,415,10,8,4,10,4,10,4,4,8,10,10,4,10,415,9,11,4,10,4,4,11,10,1,1,4,11,115,10,4,8,8,9,11,4,7,11,415,3,11,4,2,5,4,11,6,3,9,10,4,9,11,2,10,7,2,9,11,1,11,11,115,10,4,11,11,3,4,11,9,10,4,11,11,4,415,11,10,10,10,4,11,10,4,4,10,9,10,9,115,10,8,4,10,4,10,4,4,8,10,10,4,10,415,9,11,4,10,4,4,11,10,11,10,4,11,10,10,4,8,115,9,11,4,7,11,10,3,11,4,2,5,4,11,6,3],
[4,10,215,7,10,7,8,11,10,1,10,7,10,8,10,2,11,8,10,215,7,11,11,115,11,10,11,11,415,8,10,11,5,4,2,11,3,11,10,11,3,3,11,11,10,10,11,415,10,10,11,3,6,10,11,11,6,9,10,11,6,6,10,11,6,415,10,6,6,10,6,3,6,6,6,10,2,9,4,10,215,7,10,7,8,11,10,1,10,7,10,8,10,2,11,8,10,215,7,11,11,115,11,10,11,11,10,8,10,11,5,4,2,11,3,415,10,11,3,3,11,11,10,10,11,415,10,10,11,3,6,10,11,11,415,9,10,11,6,6,10,11,6,415,10,6,6,10,6,3,115,6,6,10,2,9],
[1,1,2,5,3,2,2,2,3,1,1,1,5,2,2,5,6,2,2,3,1,1,3,5,6,3,4,5,6,4,6,5,4,4,6,115,6,4,5,4,3,4,5,4,3,4,3,3,3,5,4,3,3,5,5,4,3,2,2,5,10,4,3,5,5,4,3,5,4,3,5,5,4,9,5,11,4,3,5,2,4,3,5,6,4,5,5,2,5,3,8,7,1,1,1,5,3,1,1,3,3,1,3,1,5,3,3,5,6,1,1,3,1,215,3,5,6,3,4,5,6,4,6,5,4,4,6,10,6,4,5,4,3,4,5,4,3,4,3,3,3,5,4,3,3,5,5,4,3,1,1,5,10,4,3,5,5,4,3,115,4,3,5,5,4,9,5,11,4,3,5,4,3,5,6,4,5,5,2,5,3,8,7,5,4,4,6,115,6,4,5,4,3,4,5,4,3,6,4,3,3,3,5,4,3,3,5,5,4,3,1,1,5,10,4,3,5,5,4,3,5,4,3,5,5,4,115,5,11,4,3,5,4,3,5,6,4,5,5,2,5,3,8,10,7,5,4,4,6,6,4,5,4,3,4,5,4,3,6,4,3,3,3,5,4,3,3,5,5,4,3,1,1,2,5,3,2,2,2,3,1,1,1,5,2,2,5,6,2,2,3,1,1,3,5,6,3,4,5,6,4,6,5,4,4,6,115,6,4,5,4,3,4,5,4,3,4,3,3,3,5,4,3,3,5,5,4,3,2,2,5,10,4,3,5,5,4,3,5,4,3,5,5,4,9,5,11,4,3,5,2,4,3,5,6,4,5,5,2,5,3,8,7,1,1,1,5,3,1,1,3,3,1,3,1,5,3,3,5,6,1,1,3,1,10,3,5,6,3,4,5,6,4,6,5,4,4,6,10,6,4,5,4,3,4,5,4,3,4,3,3,3,5,4,3,3,5,5,4,3,1,1,5,10,4,3,5,5,4,3,5,4,3,5,5,4,9,5,11,4,3,5,4,3,5,6,4,5,5,2,5,3,8,7,5,4,4,6,115,6,4,5,4,3,4,5,4,3,6,4,3,3,3,5,4,3,3,5,5,4,3,1,1,5,10,4,3,5,5,4,3,5,4,3,5,5,4,9,5,11,4,3,5,4,3,5,6,4,5,5,2,5,3,8,10,7,5,4,4,6,6,4,5,4,3,4,5,4,3,6,4,3,3,3,5,4,3,3,5,5,4,3],
],
'AY11'=>[
[7,9,2,2,215,6,9,7,8,9,2,7,7,8,9,7,8,3,9,7,7,8,9,2,7,9,8,9,115,7,6,8,5,9,7,10,8,1,9,7,315,8,9,2,1,7,3,8,7,11,215,8,9,11,8,9,4,7,4,6,8,9,2,7,8,7,7,8,2,9,7,115,8,9,7,315,7,8,215,9,8,2,2,9,7,8,7,8,215,9,8,5,8,9,7,9,8,2,1,6,9,7,8,9,2,7,7,8,9,7,8,3,9,7,7,8,9,2,7,9,8,9,115,7,6,8,5,9,7,10,8,215,9,7,10,8,9,1,2,5,9,7,10,8,1,9,7,10,8,9,1,9,9,7,8,9,1,7,7,8,1,7,8,3,9,7,7,2,7,9,8,9,115,7,6,8,5,1,9,7,9,1,2,5,9,7,9,3,7,7],
[6,6,11,215,2,9,4,1,5,415,3,10,3,7,215,11,11,8,215,8,5,5,10,115,6,5,8,6,5,10,415,6,10,5,5,6,2,5,10,6,315,10,5,10,115,6,1,10,5,6,10,415,6,5,10,1,6,10,5,10,415,6,5,11,5,6,10,6,3,2,6,10,6,10,5,315,4,9,11,5,6],
[9,10,4,9,11,2,215,7,10,9,11,1,11,11,115,10,4,11,11,415,4,11,9,215,4,11,11,4,10,11,415,10,10,4,11,10,4,4,10,9,315,9,115,10,8,4,1,4,10,4,4,8,10,10,4,10,415,9,11,4,10,4,4,11,10,11,10,4,11,115,10,4,8,8,9,315,4,7,11,415,3,11,4,2,5,4,11,6,3],
[4,10,215,7,10,7,8,11,215,1,10,7,10,8,215,2,11,8,10,215,7,11,11,115,11,10,11,11,415,8,10,11,5,4,2,11,3,11,115,11,315,3,11,11,10,10,11,415,10,10,11,3,6,1,11,11,6,9,415,11,6,6,10,11,6,415,10,6,6,10,6,3,6,6,6,315,2,9],
[1,1,2,5,3,2,2,2,3,1,1,1,5,2,2,5,6,2,2,3,1,1,3,5,6,3,4,5,6,4,6,5,4,4,6,115,6,4,5,4,315,4,5,4,3,4,3,3,3,5,4,3,3,5,5,4,3,2,2,5,10,4,3,5,5,4,3,5,4,3,5,5,4,9,5,315,4,3,5,2,4,3,5,6,4,5,5,2,5,3,8,7,1,1,1,5,3,1,1,3,3,1,3,1,5,3,3,5,6,1,1,3,1,215,3,5,6,3,4,5,6,4,6,5,4,4,6,115,6,4,5,4,3,4,5,4,3,4,3,3,3,5,4,3,3,5,5,4,3,1,1,5,10,4,3,5,5,4,3,5,4,3,5,5,4,9,5,11,4,3,5,4,3,5,6,4,5,5,2,5,3,8,7,5,4,4,6,115,6,4,5,4,3,4,5,4,3,6,4,3,3,3,5,4,3,3,5,5,4,3,1,1,5,10,4,3,5,5,4,3,5,4,3,5,5,4,9,5,11,4,3,5,4,3,5,6,4,5,5,2,5,3,8,115,7,5,4,4,6,6,4,5,4,3,4,5,4,3,6,4,3,3,3,5,4,3,3,5,5,4,3],
],
'BF11'=>[
[7,9,2,7,8,6,9,7,8,9,2,7,7,8,9,7,8,3,9,4,4,8,9,315,7,9,8,9,9,7,3,4,5,9,115,10,8,1,9,7,10,8,9,8,8,7,3,8,7,11,7,315,9,11,8,9,8,7,4,6,8,9,2,7,8,7,7,8,2,9,7,8,8,9,7,8,7,8,9,9,8,2,115,9,7,8,7,8,1,9,8,5,8,9,7,9,8,8,6,6,9,7,8,9,2,7,7,8,9,7,8,3,9,7,7,8,9,2,7,9,8,9,115,7,6,8,5,9,7,10,8,1,9,7,10,8,9,1,2,5,9,7,10,8,1,9,7,10,8,9,1,9,9,7,8,115,1,7,7,8,1,7,8,3,9,7,7,2,7,9,8,9,115,7,6,8,5,1,9,7,9,1,2,5,9,7,9,3,7,7],
[7,7,11,2,2,9,4,2,5,5,3,10,3,7,415,1,11,8,1,8,5,5,10,315,6,5,8,6,5,10,115,6,10,5,5,6,2,415,10,6,5,10,5,10,115,4,10,10,5,4,10,315,1,5,10,10,1,11,5,10,415,6,5,11,5,6,10,6,3,2,6,10,6,10,5,6,4,9,11,5,6],
[9,10,2,9,6,1,1,7,6,9,11,1,11,10,10,415,4,11,8,5,2,11,9,315,4,6,6,4,10,11,10,415,10,4,6,6,4,4,10,9,10,9,115,10,8,4,10,11,10,4,4,315,10,10,4,10,8,9,11,4,10,4,4,11,10,11,10,4,11,115,10,4,8,8,9,11,4,7,5,415,10,11,4,2,5,4,11,6,3],
[4,10,1,7,10,7,8,11,1,1,10,7,10,8,1,415,11,8,10,1,7,11,11,315,11,10,9,11,8,8,10,415,5,4,2,11,3,11,115,11,3,3,11,11,10,10,5,11,10,4,11,315,6,10,11,11,6,9,10,11,10,6,10,11,6,415,10,11,6,10,6,3,6,11,6,10,2,9],
[1,1,2,5,3,2,2,2,3,7,7,7,5,2,2,5,6,2,6,6,7,7,3,315,6,3,4,5,6,4,6,8,9,10,11,7,6,4,5,4,3,4,5,6,6,8,9,10,11,11,11,315,3,5,5,4,3,2,2,5,10,4,3,5,5,4,3,5,4,3,5,5,4,9,5,11,4,3,5,2,4,3,5,6,4,5,5,2,5,3,8,7,1,1,1,5,3,1,1,3,3,1,3,1,5,3,3,5,6,1,1,3,1,1,3,5,6,3,4,5,6,4,6,5,4,4,6,115,6,4,5,4,3,4,5,4,3,4,3,3,3,5,4,3,3,5,5,4,3,1,1,5,10,4,3,5,5,4,3,5,4,3,5,5,4,9,5,11,4,3,5,4,3,5,6,4,5,5,2,5,3,8,7,115,4,4,6,4,6,4,5,4,3,4,5,4,3,6,4,3,3,3,5,4,3,115,5,5,4,3,1,1,5,10,4,3,5,5,4,3,5,4,3,5,5,4,9,5,11,4,115,5,4,3,5,6,4,5,5,2,5,3,8,115,7,5,4,4,6,6,4,5,4,3,4,5,4,3,6,4,3,3,3,5,4,3,3,5,5,4,3],
],
'BM11'=>[
[7,9,2,2,215,6,9,7,8,9,2,7,7,8,3,7,3,3,9,7,7,2,2,2,7,5,8,9,115,7,6,8,5,9,7,10,8,1,9,3,4,5,9,2,1,7,3,8,7,11,215,8,9,11,8,9,4,7,4,6,8,9,2,7,8,3,3,4,4,9,7,115,8,9,7,8,7,8,215,9,8,2,2,9,5,5,7,8,215,9,8,5,8,9,7,9,8,2,1,6,9,7,8,9,2,7,7,8,9,7,8,3,9,7,7,8,9,2,7,9,8,9,115,7,6,8,5,9,7,10,8,215,9,7,10,8,9,1,2,5,9,7,10,8,1,9,7,10,8,9,1,9,9,7,8,9,1,7,7,8,1,7,8,3,9,7,7,2,7,9,8,9,115,7,6,8,5,1,9,7,9,1,2,5,9,7,9,3,7,7],
[6,6,11,215,2,9,4,4,5,5,3,10,3,7,215,11,11,8,215,8,5,5,10,115,6,5,8,6,5,1,418,6,10,5,5,6,2,5,10,6,5,10,5,10,115,6,10,10,5,6,10,10,6,5,10,10,6,10,5,10,418,6,5,11,5,6,10,6,3,2,6,10,6,418,5,6,4,9,11,5,6],
[9,10,4,9,11,2,215,7,10,9,11,3,11,11,115,10,4,11,11,3,1,11,9,215,4,11,11,4,10,11,418,10,10,4,11,10,4,4,10,9,10,9,115,10,8,4,10,4,10,4,4,8,10,10,4,10,418,9,11,4,10,4,4,11,10,11,10,4,11,115,10,4,8,8,9,11,4,7,11,418,3,11,4,2,5,4,11,6,3],
[4,10,215,7,10,7,8,11,215,1,10,7,10,8,215,2,11,8,10,215,7,11,11,115,11,10,11,11,418,8,10,11,5,4,2,11,3,11,115,11,3,3,11,11,10,10,11,418,10,10,11,3,6,10,11,11,6,9,418,11,6,6,10,11,6,418,10,6,6,10,6,3,6,6,6,10,2,9],
[1,1,2,5,3,2,2,2,3,1,1,1,5,2,2,5,6,2,2,3,1,1,3,5,6,3,4,5,6,4,6,5,4,4,6,115,6,4,5,4,3,4,5,4,3,4,3,3,3,5,4,3,3,5,5,4,3,2,2,5,10,4,3,5,5,4,3,5,4,3,5,5,4,9,5,11,4,3,5,2,4,3,5,6,4,5,5,2,5,3,8,7,1,1,1,5,3,1,1,3,3,1,3,1,5,3,3,5,6,1,1,3,1,215,3,5,6,3,4,5,6,4,6,5,4,4,6,115,6,4,5,4,3,4,5,4,3,4,3,3,3,5,4,3,3,5,5,4,3,1,1,5,10,4,3,5,5,4,3,5,4,3,5,5,4,9,5,11,4,3,5,4,3,5,6,4,5,5,2,5,3,8,7,5,4,4,6,115,6,4,5,4,3,4,5,4,3,6,4,3,3,3,5,4,3,3,5,5,4,3,1,1,5,10,4,3,5,5,4,3,5,4,3,5,5,4,9,5,11,4,3,5,4,3,5,6,4,5,5,2,5,3,8,115,7,5,4,4,6,6,4,5,4,3,4,5,4,3,6,4,3,3,3,5,4,3,3,5,5,4,3],
],
'BT11'=>[
[7,9,2,1,8,6,9,7,8,9,2,7,1,1,9,7,8,3,1,4,4,8,9,7,7,4,4,9,4,5,3,4,5,9,7,10,8,11,9,7,115,8,9,8,8,7,3,8,3,4,5,8,9,11,8,9,8,7,4,6,8,9,2,7,8,7,4,4,2,9,7,8,8,9,7,8,7,8,9,9,8,2,2,9,7,8,7,8,1,9,8,5,8,1,7,9,8,8,6,6,9,7,8,9,2,7,7,8,9,7,8,3,9,7,7,8,9,2,7,9,8,9,115,7,6,8,5,9,7,10,8,1,9,7,10,8,9,1,2,5,9,7,10,8,1,9,7,10,8,9,1,9,9,7,8,9,1,7,7,8,1,7,8,3,9,7,7,2,7,9,8,9,115,7,6,8,5,1,9,7,9,1,2,5,9,7,9,3,7,7],
[6,6,11,2,2,9,4,2,5,5,3,10,3,7,7,1,11,8,1,8,5,5,10,10,6,5,8,6,5,10,115,6,10,5,5,6,2,5,10,6,5,10,5,10,115,6,10,4,5,6,10,10,6,5,11,10,6,11,5,10,418,6,5,11,5,6,10,6,3,2,6,10,6,418,5,6,4,9,11,5,6],
[9,10,4,9,11,1,1,7,10,9,11,1,11,5,10,3,4,11,5,6,4,11,9,1,4,11,10,4,418,11,7,8,10,4,11,10,4,4,10,9,10,9,115,10,8,4,10,3,10,4,4,8,10,418,4,10,10,9,11,4,10,4,4,11,10,11,10,4,11,115,10,4,8,8,9,11,4,7,8,418,10,11,4,2,5,4,11,6,3],
[4,10,1,7,10,7,8,11,1,1,10,7,10,8,1,418,11,8,10,1,7,11,11,9,8,10,11,11,8,8,10,11,5,4,2,11,3,11,115,11,3,3,11,11,10,10,4,11,5,418,11,3,6,10,11,11,6,115,2,11,6,1,10,11,6,418,10,11,6,10,11,3,6,6,5,10,2,9],
[1,1,2,5,3,2,2,2,3,7,7,115,5,2,2,5,6,2,6,6,7,7,3,5,6,3,4,5,6,4,6,8,9,10,11,7,6,4,5,4,3,4,5,115,6,8,9,10,11,11,11,3,3,5,5,4,3,2,2,5,10,4,3,5,5,4,3,5,4,3,5,5,4,9,5,11,4,3,5,2,4,3,5,6,4,5,5,2,5,3,8,7,1,1,1,5,3,1,1,3,3,1,3,1,5,3,3,5,6,1,1,3,1,1,3,5,6,3,4,5,6,4,6,5,4,4,6,115,6,4,5,4,3,4,5,4,3,4,3,3,3,5,4,3,3,5,5,4,3,1,1,5,10,4,3,5,5,4,3,5,4,3,5,5,4,9,5,11,4,3,5,4,3,5,6,4,5,5,2,5,3,8,7,5,4,4,6,4,6,4,5,4,3,4,5,4,3,6,4,3,3,3,5,4,3,3,5,5,4,3,1,1,5,10,4,3,5,5,4,3,5,4,3,5,5,4,9,5,11,4,3,5,4,3,5,6,4,5,5,2,5,3,8,115,7,5,4,4,6,6,4,5,4,3,4,5,4,3,6,4,3,3,3,5,4,3,3,5,5,4,3],
],
'CA11'=>[
[7,9,2,2,1,6,9,7,8,9,2,7,7,8,9,7,8,3,3,9,8,8,9,2,7,9,8,9,115,7,6,8,5,9,7,10,3,4,9,7,10,8,9,2,1,7,3,8,7,11,1,8,315,11,8,9,4,7,4,6,3,3,2,7,8,7,7,8,2,9,7,115,8,9,7,315,7,8,1,9,8,2,2,9,7,8,7,8,9,9,8,5,8,9,4,4,4,8,9,6,9,7,8,9,2,7,7,8,5,5,8,3,9,7,7,8,9,2,7,9,8,9,115,7,6,8,5,9,7,10,8,1,9,7,10,8,9,1,2,5,9,7,10,8,1,9,7,10,8,9,1,9,9,3,4,5,1,7,7,8,1,7,8,3,9,7,7,2,7,9,8,9,115,7,6,8,5,1,9,7,9,1,2,5,9,5,4,3,7,7],
[6,6,11,1,2,9,4,1,5,5,3,3,3,7,1,11,11,8,1,8,5,5,10,115,6,5,8,6,5,10,418,6,10,5,5,6,2,5,10,6,5,10,5,10,115,6,10,10,5,6,10,10,315,5,10,10,6,10,5,10,418,6,5,11,5,6,10,6,3,2,6,10,6,10,5,315,4,9,11,5,6],
[9,10,4,9,11,2,1,7,10,9,11,11,10,11,115,10,4,11,11,3,4,11,9,1,4,11,11,4,10,11,10,10,10,4,11,10,4,4,10,9,10,9,115,10,8,4,10,4,10,4,4,8,315,10,4,10,418,9,11,4,10,4,4,11,10,11,10,4,11,115,10,4,8,8,9,315,4,7,11,418,3,11,4,2,5,4,11,6,3],
[4,10,1,7,10,7,8,11,1,1,10,10,10,8,418,2,11,8,10,1,7,11,11,115,11,10,11,11,10,8,10,11,5,4,2,11,3,11,115,11,3,3,11,11,10,10,11,418,10,10,11,3,315,10,11,11,6,9,10,11,6,6,10,11,6,418,10,6,6,10,6,3,6,6,6,315,2,9],
[1,1,2,5,3,2,2,2,3,1,1,5,5,2,2,5,6,2,2,3,1,1,3,5,6,3,4,5,6,4,6,5,4,4,6,115,6,4,5,4,3,4,5,4,3,4,3,3,3,5,4,3,315,5,5,4,3,2,2,5,10,4,3,5,5,4,3,5,4,3,5,5,4,9,5,315,4,3,5,2,4,3,5,6,4,5,5,2,5,3,8,7,1,1,1,5,3,1,1,3,3,1,3,1,5,3,3,5,6,1,1,3,1,1,3,5,6,3,4,5,6,4,6,5,4,4,6,115,6,4,5,4,3,4,5,4,3,4,3,3,3,5,4,3,3,5,5,4,3,1,1,5,10,4,3,5,5,4,3,5,4,3,5,5,4,9,5,11,4,3,5,4,3,5,6,4,5,5,2,5,3,8,7,5,4,4,6,115,6,4,5,4,3,4,5,4,3,6,4,3,3,3,5,4,3,3,5,5,4,3,1,1,5,10,4,3,5,5,4,3,5,4,3,5,5,4,9,5,11,4,3,5,4,3,5,6,4,5,5,2,5,3,8,115,7,5,4,4,6,6,4,5,4,3,4,5,4,3,6,4,3,3,3,5,4,3,3,5,5,4,3],
],
'CH11'=>[
[7,9,7,2,215,6,9,7,8,9,2,2,7,8,9,7,4,5,9,7,7,8,9,2,7,9,8,9,115,7,6,8,10,9,7,10,8,1,2,7,10,8,9,2,6,7,3,8,7,11,215,8,9,11,2,3,9,315,4,1,8,9,7,2,3,7,7,8,2,1,7,10,8,9,2,3,7,8,215,9,8,7,2,2,7,8,7,8,215,9,8,10,8,2,7,9,8,2,1,6,9,7,8,9,2,7,7,8,9,7,2,3,9,7,7,8,9,2,7,9,8,9,115,7,6,8,10,2,3,10,8,215,9,7,10,8,9,1,6,5,9,7,10,8,3,9,7,10,2,2,315,9,9,7,8,1,6,7,7,8,1,7,8,8,2,3,7,2,7,9,8,9,3,4,6,8,10,1,1,7,9,6,2,10,9,7,9,3,4,7,7,9,7,2,8,6,9,7,8,4,5,7,7,3,4,7,8,3,1,7,7,315,9,2,2,9,8,9,115,7,6,8,5,2,3,10,8,5,5,1,10,8,9,2,6,7,3,1,7,11,8,8,2,3,8,9,9,115,4,3,8,9,3,4,8,7,3,1,2,9,7,3,4,9,7,1,2,8,8,115,8,3,2,9,7,8,7,8,1,2,8,10,2,3,7,9,8,2,3,6,9,7,8,9,2,1,7,8,9,7,2,1,9,7,7,8,4,2,7,9,8,9,115,7,6,8,10,3,5,10,8,8,2,3,10,8,9,1,1,5,9,7,10,8,1,9,2,10,8,9,1,2,9,7,8,3,4,7,7,8,1,3,8,8,3,4,7,2,4,9,8,2,3,7,6,8,5,1,9,7,9,6,2,3,4,7,9,3,7,7],
[6,6,11,215,2,9,4,1,5,5,3,10,3,7,215,11,11,8,215,8,5,5,10,10,6,5,8,6,5,10,415,6,10,5,5,6,2,5,10,6,5,10,5,10,115,6,10,10,5,6,10,10,6,5,10,10,6,315,5,10,415,6,5,11,5,6,10,6,3,2,6,10,6,10,5,6,415,9,11,5,6,6,6,11,10,2,9,4,1,5,5,3,10,3,7,10,11,11,415,10,8,5,5,10,10,6,5,8,6,415,10,10,6,10,5,5,6,2,5,10,6,5,10,5,10,115,6,10,10,5,6,315,10,6,5,10,10,6,10,5,10,415,6,5,11,5,6,10,6,3,315,6,10,6,115,5,6,4,9,11,5,6],
[9,10,5,9,11,2,215,7,6,9,11,1,11,11,115,10,4,11,11,3,4,11,9,215,4,11,11,6,6,11,415,10,10,4,11,6,4,4,10,9,5,9,6,415,8,4,10,4,10,4,4,8,6,6,4,10,10,315,11,4,10,4,4,11,10,415,10,4,11,115,10,4,8,8,9,11,4,7,11,415,3,11,4,2,5,4,11,6,3,9,10,4,9,115,2,10,7,2,9,11,1,5,5,10,10,4,11,11,3,4,415,9,10,4,11,11,4,10,11,10,6,6,4,11,10,4,4,10,9,10,9,115,10,8,4,10,4,10,4,4,8,10,10,4,10,415,9,11,4,10,315,4,11,10,115,10,4,11,10,10,4,8,8,9,11,4,115,11,10,3,11,4,315,5,4,11,6,3],
[4,10,215,7,10,7,8,11,10,1,5,5,10,415,10,2,11,8,10,215,7,11,11,115,11,10,11,11,415,8,10,11,5,4,2,11,3,11,10,11,3,3,5,5,10,10,11,415,10,10,11,3,6,10,11,11,6,315,10,11,6,6,10,11,6,415,10,6,6,10,6,3,6,6,6,10,2,9,4,10,215,7,10,7,8,415,10,1,10,7,10,8,10,2,11,8,10,215,7,11,11,115,11,5,5,11,10,8,10,11,5,4,2,11,3,11,10,11,3,3,315,11,10,10,11,415,10,10,11,3,6,10,11,11,6,115,10,11,6,6,10,11,6,415,10,6,6,10,6,3,315,6,6,10,2,9],
[1,1,2,5,3,2,2,2,3,1,1,1,5,2,2,5,6,2,2,3,1,1,3,5,6,3,4,5,6,4,6,5,4,4,6,115,6,4,5,4,3,4,5,4,3,4,3,3,3,5,4,3,3,5,5,4,3,315,2,5,10,4,3,5,5,4,3,5,4,3,5,5,4,9,5,11,4,3,5,2,4,3,5,6,4,5,5,2,5,3,8,7,1,1,1,5,3,1,1,3,3,1,115,1,5,3,3,5,6,1,1,3,1,215,3,5,6,3,4,5,6,4,6,5,4,4,6,115,6,4,5,4,3,4,5,4,3,4,3,3,3,5,4,3,3,5,5,115,3,1,315,5,10,4,3,5,5,4,3,5,4,3,5,5,4,9,5,11,4,3,5,4,3,5,6,4,5,5,2,5,3,8,7,5,4,4,6,115,6,4,5,4,3,4,5,4,3,6,4,3,3,3,5,4,315,3,5,5,4,3,1,1,5,10,4,115,5,5,4,3,5,4,3,5,5,4,9,5,11,4,3,5,4,3,5,6,4,5,5,2,5,3,8,10,7,5,4,4,6,6,115,5,4,3,4,5,4,3,6,4,3,3,3,5,4,3,3,5,5,4,3,1,1,2,5,3,2,2,2,3,1,1,1,5,2,2,5,6,2,2,3,1,1,3,5,6,3,4,5,6,4,6,5,4,4,6,115,6,4,5,4,3,4,5,4,3,4,3,3,3,5,4,3,3,5,5,4,3,2,2,5,10,4,3,5,5,4,3,5,4,3,5,5,4,9,5,11,4,3,5,2,4,3,5,6,4,5,5,2,5,3,8,7,1,1,1,5,3,1,1,3,3,1,3,1,5,3,3,5,6,1,1,3,1,10,3,5,6,3,4,5,6,4,6,5,4,4,6,10,6,4,5,4,3,4,5,4,3,4,3,3,3,5,4,3,3,5,5,4,3,1,1,5,10,4,3,5,5,4,3,5,4,3,5,5,4,9,5,11,4,3,5,4,3,5,6,4,5,5,2,5,3,8,7,5,4,4,6,115,6,4,5,4,3,4,5,4,3,6,4,3,3,3,5,4,3,3,5,5,4,3,1,1,5,10,4,3,5,5,4,3,5,4,3,5,5,4,9,5,11,4,3,5,4,3,5,6,4,5,5,2,5,3,8,10,7,5,4,4,6,6,4,5,4,3,4,5,4,3,6,4,3,3,3,5,4,3,3,5,5,4,3],
],
'CO11'=>[
[7,9,7,2,215,6,9,7,8,9,2,2,7,8,9,7,4,5,9,7,7,8,9,2,7,9,8,9,115,7,6,8,10,9,7,10,8,1,2,7,10,8,9,2,6,7,3,8,7,11,215,8,9,11,2,3,9,7,4,1,8,9,7,2,3,7,7,8,2,1,7,10,8,9,2,3,7,8,215,9,8,7,2,2,7,8,7,8,215,9,8,10,8,2,7,9,8,2,1,6,9,7,8,9,2,7,7,8,9,7,2,3,9,7,7,8,9,2,7,9,8,9,115,7,6,8,10,2,3,10,8,215,9,7,10,8,9,1,6,5,9,7,10,8,3,9,7,10,2,2,1,9,9,7,8,1,6,7,7,8,1,7,8,115,2,3,7,2,7,9,8,9,3,4,6,8,10,1,1,7,9,6,2,10,9,7,9,3,4,7,7,9,7,2,8,6,115,7,8,4,5,7,7,3,4,7,8,3,1,7,7,8,9,2,2,9,8,9,115,7,6,8,5,2,3,10,8,5,5,1,10,8,9,2,6,7,3,1,7,11,8,8,2,3,8,9,9,5,4,3,8,9,3,4,8,115,3,1,2,9,7,3,4,9,7,1,2,8,8,9,8,3,2,9,7,8,7,8,1,2,8,10,2,3,7,9,8,2,3,6,9,7,8,9,2,1,7,8,9,7,2,1,9,7,7,8,4,2,7,9,8,9,115,7,6,8,10,3,5,10,8,8,2,3,10,8,9,1,1,5,9,7,10,8,1,9,2,10,8,9,1,2,9,7,8,3,4,7,7,8,1,3,8,8,3,4,7,2,4,9,8,2,3,7,6,8,5,1,9,7,9,6,2,3,4,7,9,3,7,7],
[6,6,11,215,2,9,4,1,5,5,3,10,3,7,215,11,11,8,215,8,5,5,10,10,6,5,8,6,5,10,10,418,10,5,5,6,2,5,10,6,5,10,5,10,115,6,10,10,5,6,10,10,1,5,10,10,6,10,5,10,418,6,5,11,5,6,10,6,3,2,6,10,6,10,5,6,4,9,115,5,6,6,6,11,10,2,418,4,1,5,5,3,10,3,7,10,11,11,418,10,8,5,5,10,10,6,5,8,6,418,10,10,6,10,5,5,6,2,5,10,6,5,10,5,10,115,6,10,10,5,6,10,10,6,5,10,10,6,10,5,10,418,6,5,11,5,6,10,6,3,2,115,10,6,10,5,6,4,9,11,5,6],
[9,10,4,9,11,2,215,7,10,9,11,1,1,1,115,10,2,11,11,3,2,11,9,215,4,11,11,4,10,11,418,10,10,4,11,10,4,4,10,9,10,9,418,10,8,4,10,4,10,4,4,8,10,10,4,10,418,9,11,4,10,4,4,11,10,1,1,4,11,115,10,4,8,8,9,11,4,7,11,418,3,11,4,2,5,4,11,6,3,9,10,4,9,11,2,10,7,2,9,11,1,11,11,115,10,4,11,11,3,4,11,9,10,4,11,11,4,418,11,10,10,10,4,11,10,4,4,10,9,10,9,115,10,8,4,10,4,10,4,4,8,10,10,4,10,418,9,11,4,10,4,4,11,10,11,10,4,11,10,10,4,8,115,9,11,4,7,11,10,3,11,4,2,5,4,11,6,3],
[4,10,215,7,10,7,8,11,10,1,10,7,10,8,10,2,11,8,10,215,7,11,11,115,11,10,11,11,418,8,10,11,5,4,2,11,3,11,10,11,3,3,11,11,10,10,11,418,10,10,11,3,6,10,11,11,6,9,10,11,6,6,10,11,6,418,10,6,6,10,6,3,6,6,6,10,2,9,4,10,215,7,10,7,8,11,10,1,10,7,10,8,10,2,11,8,10,215,7,11,11,115,11,10,11,11,10,8,10,11,5,4,2,11,3,418,10,11,3,3,11,11,10,10,11,418,10,10,11,3,6,10,11,11,418,9,10,11,6,6,10,11,6,418,10,6,6,10,6,3,115,6,6,10,2,9],
[1,1,2,5,3,2,2,2,3,1,1,1,5,2,2,5,6,2,2,3,1,1,3,5,6,3,4,5,6,4,6,5,4,4,6,115,6,4,5,4,3,4,5,4,3,4,3,3,3,5,4,3,3,5,5,4,3,2,2,5,10,4,3,5,5,4,3,5,4,3,5,5,4,9,5,11,4,3,5,2,4,3,5,6,4,5,5,2,5,3,8,7,1,1,1,5,3,1,1,3,3,1,3,1,5,3,3,5,6,1,1,3,1,215,3,5,6,3,4,5,6,4,6,5,4,4,6,10,6,4,5,4,3,4,5,4,3,4,3,3,3,5,4,3,3,5,5,4,3,1,1,5,10,4,3,5,5,4,3,115,4,3,5,5,4,9,5,11,4,3,5,4,3,5,6,4,5,5,2,5,3,8,7,5,4,4,6,115,6,4,5,4,3,4,5,4,3,6,4,3,3,3,5,4,3,3,5,5,4,3,1,1,5,10,4,3,5,5,4,3,5,4,3,5,5,4,115,5,11,4,3,5,4,3,5,6,4,5,5,2,5,3,8,10,7,5,4,4,6,6,4,5,4,3,4,5,4,3,6,4,3,3,3,5,4,3,3,5,5,4,3,1,1,2,5,3,2,2,2,3,1,1,1,5,2,2,5,6,2,2,3,1,1,3,5,6,3,4,5,6,4,6,5,4,4,6,115,6,4,5,4,3,4,5,4,3,4,3,3,3,5,4,3,3,5,5,4,3,2,2,5,10,4,3,5,5,4,3,5,4,3,5,5,4,9,5,11,4,3,5,2,4,3,5,6,4,5,5,2,5,3,8,7,1,1,1,5,3,1,1,3,3,1,3,1,5,3,3,5,6,1,1,3,1,10,3,5,6,3,4,5,6,4,6,5,4,4,6,10,6,4,5,4,3,4,5,4,3,4,3,3,3,5,4,3,3,5,5,4,3,1,1,5,10,4,3,5,5,4,3,5,4,3,5,5,4,9,5,11,4,3,5,4,3,5,6,4,5,5,2,5,3,8,7,5,4,4,6,115,6,4,5,4,3,4,5,4,3,6,4,3,3,3,5,4,3,3,5,5,4,3,1,1,5,10,4,3,5,5,4,3,5,4,3,5,5,4,9,5,11,4,3,5,4,3,5,6,4,5,5,2,5,3,8,10,7,5,4,4,6,6,4,5,4,3,4,5,4,3,6,4,3,3,3,5,4,3,3,5,5,4,3],
],
'CV11'=>[
[7,9,2,2,215,6,9,7,8,9,2,7,7,8,9,7,8,3,9,7,7,8,9,2,7,9,8,9,115,7,6,8,5,9,7,10,8,1,9,7,315,8,9,2,1,7,3,8,7,11,215,8,9,11,8,9,4,7,4,6,8,9,2,7,8,7,7,8,2,9,7,115,8,9,7,315,7,8,215,9,8,2,2,9,7,8,7,8,215,9,8,5,8,9,7,9,8,2,1,6,9,7,8,9,2,7,7,8,9,7,8,3,9,7,7,8,9,2,7,9,8,9,115,7,6,8,5,9,7,10,8,215,9,7,10,8,9,1,2,5,9,7,10,8,1,9,7,10,8,9,1,9,9,7,8,9,1,7,7,8,1,7,8,3,9,7,7,2,7,9,8,9,115,7,6,8,5,1,9,7,9,1,2,5,9,7,9,3,7,7],
[6,6,11,215,2,9,4,1,5,418,3,10,3,7,215,11,11,8,215,8,5,5,10,115,6,5,8,6,5,10,418,6,10,5,5,6,2,5,10,6,315,10,5,10,115,6,1,10,5,6,10,418,6,5,10,1,6,10,5,10,418,6,5,11,5,6,10,6,3,2,6,10,6,10,5,315,4,9,11,5,6],
[9,10,4,9,11,2,215,7,10,9,11,1,11,11,115,10,4,11,11,418,4,11,9,215,4,11,11,4,10,11,418,10,10,4,11,10,4,4,10,9,315,9,115,10,8,4,1,4,10,4,4,8,10,10,4,10,418,9,11,4,10,4,4,11,10,11,10,4,11,115,10,4,8,8,9,315,4,7,11,418,3,11,4,2,5,4,11,6,3],
[4,10,215,7,10,7,8,11,215,1,10,7,10,8,215,2,11,8,10,215,7,11,11,115,11,10,11,11,418,8,10,11,5,4,2,11,3,11,115,11,315,3,11,11,10,10,11,418,10,10,11,3,6,1,11,11,6,9,418,11,6,6,10,11,6,418,10,6,6,10,6,3,6,6,6,315,2,9],
[1,1,2,5,3,2,2,2,3,1,1,1,5,2,2,5,6,2,2,3,1,1,3,5,6,3,4,5,6,4,6,5,4,4,6,115,6,4,5,4,315,4,5,4,3,4,3,3,3,5,4,3,3,5,5,4,3,2,2,5,10,4,3,5,5,4,3,5,4,3,5,5,4,9,5,315,4,3,5,2,4,3,5,6,4,5,5,2,5,3,8,7,1,1,1,5,3,1,1,3,3,1,3,1,5,3,3,5,6,1,1,3,1,215,3,5,6,3,4,5,6,4,6,5,4,4,6,115,6,4,5,4,3,4,5,4,3,4,3,3,3,5,4,3,3,5,5,4,3,1,1,5,10,4,3,5,5,4,3,5,4,3,5,5,4,9,5,11,4,3,5,4,3,5,6,4,5,5,2,5,3,8,7,5,4,4,6,115,6,4,5,4,3,4,5,4,3,6,4,3,3,3,5,4,3,3,5,5,4,3,1,1,5,10,4,3,5,5,4,3,5,4,3,5,5,4,9,5,11,4,3,5,4,3,5,6,4,5,5,2,5,3,8,115,7,5,4,4,6,6,4,5,4,3,4,5,4,3,6,4,3,3,3,5,4,3,3,5,5,4,3],
],
'DC11'=>[
[7,9,2,7,8,6,9,7,8,9,2,7,7,8,9,7,8,3,9,4,4,8,9,315,7,9,8,9,9,7,3,4,5,9,115,10,8,1,9,7,10,8,9,8,8,7,3,8,7,11,7,315,9,11,8,9,8,7,4,6,8,9,2,7,8,7,7,8,2,9,7,8,8,9,7,8,7,8,9,9,8,2,115,9,7,8,7,8,1,9,8,5,8,9,7,9,8,8,6,6,9,7,8,9,2,7,7,8,9,7,8,3,9,7,7,8,9,2,7,9,8,9,115,7,6,8,5,9,7,10,8,1,9,7,10,8,9,1,2,5,9,7,10,8,1,9,7,10,8,9,1,9,9,7,8,115,1,7,7,8,1,7,8,3,9,7,7,2,7,9,8,9,115,7,6,8,5,1,9,7,9,1,2,5,9,7,9,3,7,7],
[7,7,11,2,2,9,4,2,5,5,3,10,3,7,418,1,11,8,1,8,5,5,10,315,6,5,8,6,5,10,115,6,10,5,5,6,2,418,10,6,5,10,5,10,115,4,10,10,5,4,10,315,1,5,10,10,1,11,5,10,418,6,5,11,5,6,10,6,3,2,6,10,6,10,5,6,4,9,11,5,6],
[9,10,2,9,6,1,1,7,6,9,11,1,11,10,10,418,4,11,8,5,2,11,9,315,4,6,6,4,10,11,10,418,10,4,6,6,4,4,10,9,10,9,115,10,8,4,10,11,10,4,4,315,10,10,4,10,8,9,11,4,10,4,4,11,10,11,10,4,11,115,10,4,8,8,9,11,4,7,5,418,10,11,4,2,5,4,11,6,3],
[4,10,1,7,10,7,8,11,1,1,10,7,10,8,1,418,11,8,10,1,7,11,11,315,11,10,9,11,8,8,10,418,5,4,2,11,3,11,115,11,3,3,11,11,10,10,5,11,10,4,11,315,6,10,11,11,6,9,10,11,10,6,10,11,6,418,10,11,6,10,6,3,6,11,6,10,2,9],
[1,1,2,5,3,2,2,2,3,7,7,7,5,2,2,5,6,2,6,6,7,7,3,315,6,3,4,5,6,4,6,8,9,10,11,7,6,4,5,4,3,4,5,6,6,8,9,10,11,11,11,315,3,5,5,4,3,2,2,5,10,4,3,5,5,4,3,5,4,3,5,5,4,9,5,11,4,3,5,2,4,3,5,6,4,5,5,2,5,3,8,7,1,1,1,5,3,1,1,3,3,1,3,1,5,3,3,5,6,1,1,3,1,1,3,5,6,3,4,5,6,4,6,5,4,4,6,115,6,4,5,4,3,4,5,4,3,4,3,3,3,5,4,3,3,5,5,4,3,1,1,5,10,4,3,5,5,4,3,5,4,3,5,5,4,9,5,11,4,3,5,4,3,5,6,4,5,5,2,5,3,8,7,115,4,4,6,4,6,4,5,4,3,4,5,4,3,6,4,3,3,3,5,4,3,115,5,5,4,3,1,1,5,10,4,3,5,5,4,3,5,4,3,5,5,4,9,5,11,4,115,5,4,3,5,6,4,5,5,2,5,3,8,115,7,5,4,4,6,6,4,5,4,3,4,5,4,3,6,4,3,3,3,5,4,3,3,5,5,4,3],
],
'DJ11'=>[
[7,9,7,2,215,6,9,7,8,9,2,2,7,8,9,7,4,5,9,7,7,8,9,2,7,9,8,9,115,7,6,8,10,9,7,10,8,1,2,7,10,8,9,2,6,7,3,8,7,11,215,8,9,11,2,3,9,315,4,1,8,9,7,2,3,7,7,8,2,1,7,10,8,9,2,3,7,8,215,9,8,7,2,2,7,8,7,8,215,9,8,10,8,2,7,9,8,2,1,6,9,7,8,9,2,7,7,8,9,7,2,3,9,7,7,8,9,2,7,9,8,9,115,7,6,8,10,2,3,10,8,215,9,7,10,8,9,1,6,5,9,7,10,8,3,9,7,10,2,2,315,9,9,7,8,1,6,7,7,8,1,7,8,8,2,3,7,2,7,9,8,9,3,4,6,8,10,1,1,7,9,6,2,10,9,7,9,3,4,7,7,9,7,2,8,6,9,7,8,4,5,7,7,3,4,7,8,3,1,7,7,315,9,2,2,9,8,9,115,7,6,8,5,2,3,10,8,5,5,1,10,8,9,2,6,7,3,1,7,11,8,8,2,3,8,9,9,115,4,3,8,9,3,4,8,7,3,1,2,9,7,3,4,9,7,1,2,8,8,115,8,3,2,9,7,8,7,8,1,2,8,10,2,3,7,9,8,2,3,6,9,7,8,9,2,1,7,8,9,7,2,1,9,7,7,8,4,2,7,9,8,9,115,7,6,8,10,3,5,10,8,8,2,3,10,8,9,1,1,5,9,7,10,8,1,9,2,10,8,9,1,2,9,7,8,3,4,7,7,8,1,3,8,8,3,4,7,2,4,9,8,2,3,7,6,8,5,1,9,7,9,6,2,3,4,7,9,3,7,7],
[6,6,11,215,2,9,4,1,5,5,3,10,3,7,215,11,11,8,215,8,5,5,10,10,6,5,8,6,5,10,418,6,10,5,5,6,2,5,10,6,5,10,5,10,115,6,10,10,5,6,10,10,6,5,10,10,6,315,5,10,418,6,5,11,5,6,10,6,3,2,6,10,6,10,5,6,418,9,11,5,6,6,6,11,10,2,9,4,1,5,5,3,10,3,7,10,11,11,418,10,8,5,5,10,10,6,5,8,6,418,10,10,6,10,5,5,6,2,5,10,6,5,10,5,10,115,6,10,10,5,6,315,10,6,5,10,10,6,10,5,10,418,6,5,11,5,6,10,6,3,315,6,10,6,115,5,6,4,9,11,5,6],
[9,10,5,9,11,2,215,7,6,9,11,1,11,11,115,10,4,11,11,3,4,11,9,215,4,11,11,6,6,11,418,10,10,4,11,6,4,4,10,9,5,9,6,418,8,4,10,4,10,4,4,8,6,6,4,10,10,315,11,4,10,4,4,11,10,418,10,4,11,115,10,4,8,8,9,11,4,7,11,418,3,11,4,2,5,4,11,6,3,9,10,4,9,115,2,10,7,2,9,11,1,5,5,10,10,4,11,11,3,4,418,9,10,4,11,11,4,10,11,10,6,6,4,11,10,4,4,10,9,10,9,115,10,8,4,10,4,10,4,4,8,10,10,4,10,418,9,11,4,10,315,4,11,10,115,10,4,11,10,10,4,8,8,9,11,4,115,11,10,3,11,4,315,5,4,11,6,3],
[4,10,215,7,10,7,8,11,10,1,5,5,10,418,10,2,11,8,10,215,7,11,11,115,11,10,11,11,418,8,10,11,5,4,2,11,3,11,10,11,3,3,5,5,10,10,11,418,10,10,11,3,6,10,11,11,6,315,10,11,6,6,10,11,6,418,10,6,6,10,6,3,6,6,6,10,2,9,4,10,215,7,10,7,8,418,10,1,10,7,10,8,10,2,11,8,10,215,7,11,11,115,11,5,5,11,10,8,10,11,5,4,2,11,3,11,10,11,3,3,315,11,10,10,11,418,10,10,11,3,6,10,11,11,6,115,10,11,6,6,10,11,6,418,10,6,6,10,6,3,315,6,6,10,2,9],
[1,1,2,5,3,2,2,2,3,1,1,1,5,2,2,5,6,2,2,3,1,1,3,5,6,3,4,5,6,4,6,5,4,4,6,115,6,4,5,4,3,4,5,4,3,4,3,3,3,5,4,3,3,5,5,4,3,315,2,5,10,4,3,5,5,4,3,5,4,3,5,5,4,9,5,11,4,3,5,2,4,3,5,6,4,5,5,2,5,3,8,7,1,1,1,5,3,1,1,3,3,1,115,1,5,3,3,5,6,1,1,3,1,215,3,5,6,3,4,5,6,4,6,5,4,4,6,115,6,4,5,4,3,4,5,4,3,4,3,3,3,5,4,3,3,5,5,115,3,1,315,5,10,4,3,5,5,4,3,5,4,3,5,5,4,9,5,11,4,3,5,4,3,5,6,4,5,5,2,5,3,8,7,5,4,4,6,115,6,4,5,4,3,4,5,4,3,6,4,3,3,3,5,4,315,3,5,5,4,3,1,1,5,10,4,115,5,5,4,3,5,4,3,5,5,4,9,5,11,4,3,5,4,3,5,6,4,5,5,2,5,3,8,10,7,5,4,4,6,6,115,5,4,3,4,5,4,3,6,4,3,3,3,5,4,3,3,5,5,4,3,1,1,2,5,3,2,2,2,3,1,1,1,5,2,2,5,6,2,2,3,1,1,3,5,6,3,4,5,6,4,6,5,4,4,6,115,6,4,5,4,3,4,5,4,3,4,3,3,3,5,4,3,3,5,5,4,3,2,2,5,10,4,3,5,5,4,3,5,4,3,5,5,4,9,5,11,4,3,5,2,4,3,5,6,4,5,5,2,5,3,8,7,1,1,1,5,3,1,1,3,3,1,3,1,5,3,3,5,6,1,1,3,1,10,3,5,6,3,4,5,6,4,6,5,4,4,6,10,6,4,5,4,3,4,5,4,3,4,3,3,3,5,4,3,3,5,5,4,3,1,1,5,10,4,3,5,5,4,3,5,4,3,5,5,4,9,5,11,4,3,5,4,3,5,6,4,5,5,2,5,3,8,7,5,4,4,6,115,6,4,5,4,3,4,5,4,3,6,4,3,3,3,5,4,3,3,5,5,4,3,1,1,5,10,4,3,5,5,4,3,5,4,3,5,5,4,9,5,11,4,3,5,4,3,5,6,4,5,5,2,5,3,8,10,7,5,4,4,6,6,4,5,4,3,4,5,4,3,6,4,3,3,3,5,4,3,3,5,5,4,3],
],
]
]