'rules'=>[
'standard'=>[
['idents'=>[11,11,11,11,11,11], 'result'=>[0,0,0,0,0,0]],
['idents'=>[1,1,1,1,1,1], 'result'=>[1,0,5,10,50,150]],
['idents'=>[2,2,2,2,2,2], 'result'=>[2,0,0,5,30,100]],
['idents'=>[3,3,3,3,3,3], 'result'=>[3,0,0,5,25,100]],
['idents'=>[4,4,4,4,4,4], 'result'=>[4,0,0,5,25,100]],
['idents'=>[5,5,5,5,5,5], 'result'=>[5,0,0,5,20,75]],
['idents'=>[6,6,6,6,6,6], 'result'=>[6,0,0,5,10,50]],
['idents'=>[7,7,7,7,7,7], 'result'=>[7,0,0,5,10,50]],
['idents'=>[8,8,8,8,8,8], 'result'=>[8,0,0,5,10,50]],
['idents'=>[9,9,9,9,9,9], 'result'=>[9,0,0,5,10,50]],
['idents'=>[10,10,10,10,10,10], 'result'=>[10,0,0,5,10,50]],
]
],